-1.085202031436474757e+00 8.348384416580745260e-01 1.000000000000000000e+00 1.000000000000000000e+00
2.883176325097169368e+00 3.677488365339879550e+00 1.000000000000000000e+00 1.000000000000000000e+00
3.159271459121612224e+00 6.027080453474626509e+00 1.000000000000000000e+00 1.000000000000000000e+00
2.141042205027874790e+00 7.448069195660133701e+00 1.000000000000000000e+00 1.000000000000000000e+00
5.080651372711146863e+00 1.036070796334167632e+01 1.000000000000000000e+00 1.000000000000000000e+00
6.533743814744715550e+00 1.435258020539633250e+01 1.000000000000000000e+00 1.000000000000000000e+00
5.000989710478840777e+00 1.469572241455041528e+01 1.000000000000000000e+00 1.000000000000000000e+00
7.233038206173901585e+00 1.804277488607500857e+01 1.000000000000000000e+00 1.000000000000000000e+00
7.500687697100043572e+00 1.862087371506490996e+01 1.000000000000000000e+00 1.000000000000000000e+00
9.715858350287852829e+00 2.171083492567531792e+01 1.000000000000000000e+00 1.000000000000000000e+00
