0.000000000000000000e+00 2.452523430530859194e+00
1.000000000000000056e-01 3.295433512495503869e+00
2.000000000000000111e-01 2.101485838769814762e+00
3.000000000000000444e-01 2.824168634165985736e+00
4.000000000000000222e-01 2.635629062742867568e+00
5.000000000000000000e-01 3.831240621377936861e+00
6.000000000000000888e-01 5.602513783027889716e+00
7.000000000000000666e-01 3.629744672238750525e+00
8.000000000000000444e-01 5.069202584162205483e+00
9.000000000000000222e-01 3.344776024500329736e+00
1.000000000000000000e+00 5.609037622184541938e+00
1.100000000000000089e+00 4.780037189816161991e+00
1.200000000000000178e+00 4.477259088334122339e+00
1.300000000000000044e+00 4.523222118090467703e+00
1.400000000000000133e+00 6.013545101622079336e+00
1.500000000000000000e+00 7.071375610101657827e+00
1.600000000000000089e+00 6.389508963170682954e+00
1.700000000000000178e+00 6.714312083852822965e+00
1.800000000000000044e+00 6.193918081223072747e+00
1.900000000000000133e+00 7.727183223710358817e+00
2.000000000000000000e+00 5.000000000000000000e+01
2.100000000000000089e+00 6.670863741272398784e+00
2.200000000000000178e+00 9.438582520947010224e+00
2.300000000000000266e+00 7.026064847515022471e+00
2.400000000000000355e+00 8.014383520372982517e+00
2.500000000000000000e+00 7.217365137506549289e+00
2.600000000000000089e+00 9.671661316636539496e+00
2.700000000000000178e+00 8.841019152433979400e+00
2.800000000000000266e+00 8.574492181096454502e+00
2.900000000000000355e+00 8.680842921933638934e+00
3.000000000000000000e+00 9.467309672642048923e+00
3.100000000000000089e+00 8.492988792400129938e+00
3.200000000000000178e+00 8.365918241011724987e+00
3.300000000000000266e+00 8.725098092971460773e+00
3.400000000000000355e+00 1.183125365911101667e+01
3.500000000000000000e+00 9.742702147293654136e+00
3.600000000000000089e+00 9.441747727093103393e+00
3.700000000000000178e+00 9.772262200723162096e+00
3.800000000000000266e+00 1.055804216190093925e+01
3.900000000000000355e+00 9.920907688021767257e+00
4.000000000000000000e+00 5.000000000000000000e+01
4.100000000000000533e+00 1.071630316860718324e+01
4.200000000000000178e+00 1.244664234052926588e+01
4.299999999999999822e+00 9.573717367390784716e+00
4.400000000000000355e+00 1.244370633374469648e+01
4.500000000000000000e+00 1.134463432444614384e+01
4.600000000000000533e+00 1.314386149305972928e+01
4.700000000000000178e+00 1.235464620144866821e+01
4.800000000000000711e+00 1.247735190941262395e+01
4.900000000000000355e+00 1.362981297808164882e+01
5.000000000000000000e+00 1.316031452455371920e+01
5.100000000000000533e+00 1.241828222978027085e+01
5.200000000000000178e+00 1.279795905293982905e+01
5.300000000000000711e+00 1.326632689537729703e+01
5.400000000000000355e+00 1.439867883673162297e+01
5.500000000000000000e+00 1.311470925608553628e+01
5.600000000000000533e+00 1.300384598777162815e+01
5.700000000000000178e+00 1.285932544190189297e+01
5.800000000000000711e+00 1.489180193791715467e+01
5.900000000000000355e+00 1.405340833492700270e+01
6.000000000000000000e+00 1.470482388410430907e+01
6.100000000000000533e+00 1.612496657608905792e+01
6.200000000000000178e+00 1.434230536792248678e+01
6.300000000000000711e+00 1.548308732407879162e+01
6.400000000000000355e+00 1.546457828799878165e+01
6.500000000000000000e+00 1.595471651488050924e+01
6.600000000000000533e+00 1.653018373529820906e+01
6.700000000000000178e+00 1.621008221788357773e+01
6.800000000000000711e+00 1.482791231647457408e+01
6.900000000000000355e+00 5.000000000000000000e+01
7.000000000000000000e+00 1.659538679587987531e+01
7.100000000000000533e+00 1.702942027560549576e+01
7.200000000000000178e+00 1.557065690677061909e+01
7.300000000000000711e+00 1.776011161448535702e+01
7.400000000000000355e+00 1.825187839087228525e+01
7.500000000000000000e+00 1.797052206475367342e+01
7.600000000000000533e+00 1.666317212484990762e+01
7.700000000000000178e+00 1.691326125383396572e+01
7.800000000000000711e+00 1.850613168771991113e+01
7.900000000000000355e+00 1.862192349757280141e+01
8.000000000000000000e+00 1.831259375815508506e+01
8.099999999999999645e+00 2.077844737089260363e+01
8.200000000000001066e+00 1.862754077813388776e+01
8.300000000000000711e+00 1.905638046979091982e+01
8.400000000000000355e+00 1.972180864881162066e+01
8.500000000000000000e+00 1.911791168912503380e+01
8.599999999999999645e+00 2.056401416249368452e+01
8.700000000000001066e+00 2.065606623793743779e+01
8.800000000000000711e+00 1.999524598909406237e+01
8.900000000000000355e+00 2.188752918096967903e+01
9.000000000000000000e+00 2.076642718709786095e+01
9.099999999999999645e+00 1.999019028205362503e+01
9.200000000000001066e+00 2.456679851201580078e+01
9.300000000000000711e+00 2.179419226372996832e+01
9.400000000000000355e+00 2.086535284906071652e+01
9.500000000000000000e+00 2.289450146814720100e+01
9.600000000000001421e+00 2.076625258383018391e+01
9.700000000000001066e+00 2.263083524625453080e+01
9.800000000000000711e+00 2.298440151965395728e+01
9.900000000000000355e+00 2.267485881094667377e+01
